MEAN:2.4746739549971625e+22
MEDIAN:24664097307429000000000
MODE:49999408249715100000000
STANDARD DEVIATION:1.4460564700984756e+22
VARIANCE:2.091243115380647e+44
EXECUTION TIME:9.016651300014928
